#Mergesort
10 0.0004
100 0.0134
1000 0.1925
10000 2.6264
100000 26.0681
1000000 281.341
100000000 32449.1
#Mergesort
10 0.0002
100 0.0125
1000 0.1873
10000 4.1713
100000 26.3048
#Mergesort
10 0.0002
100 0.013
1000 0.1651
10000 3.0979
100000 26.5728
#Mergesort
10 0.0006
100 0.0136
1000 0.185
10000 2.4687
100000 26.6528
1000000 371.03
#Mergesort
10 0.0004
100 0.0138
1000 0.1691
10000 3.385
100000 27.1257
1000000 283.467
100000000 32298.5
#Pesymistyczny
10 0
100 0.0144
1000 1.1005
10000 107.185
100000 10698.4
#Środkowy
10 0.0001
100 0.0067
1000 0.1122
10000 1.428
100000 16.0217
1000000 164.622
100000000 19351
#Losowy
10 0.0118
100 0.1368
1000 1.3825
10000 13.9985
100000 117.19
1000000 1124.12
100000000 113089
#Mediana z trzech
10 0.0108
100 0.124
1000 1.2529
10000 13.0377
100000 116.607
1000000 1120.53
100000000 113158
